 -0.132877484358305     
  0.271371440912940     
 -0.380140486746878     
  0.457642405338962     
 -0.493353017093935     
  0.477233987631592     
 -0.433502386870783     
  0.335406966439774     
 -0.222775301120839     
  6.682433635615835E-002
  6.387392038403399E-002
 -0.220002055471245     
  0.317580303940593     
 -0.419417362654857     
  0.443358280577736     
 -0.465819335590965     
  0.402670262055030     
 -0.351423485952702     
  0.208997795928210     
 -0.112817938212291     
 -4.707695785368077E-002
  0.159228314119987     
 -0.316343821281820     
  0.336413980297500     
 -0.454346575367155     
  0.387156475012290     
 -0.435708393813391     
  0.285597652410972     
 -0.282789235751768     
  7.595538807353888E-002
 -3.773166187167148E-002
 -0.169159702836607     
  0.173213003498255     
 -0.362113892003647     
  0.293895610587669     
 -0.438025130359898     
  0.312572059730476     
 -0.378598321956297     
  0.184723576148983     
 -0.220757800067029     
 -2.359982188752341E-002
 -2.193264740988679E-002
 -0.229826856173371     
  0.144906353899476     
 -0.358661802913162     
  0.208391618677633     
 -0.396740488094850     
  0.211239893571116     
 -0.331256722236133     
  0.110953196342121     
 -0.167389069986250     
 -5.298706055224590E-002
 -4.056229103066267E-002
 -0.203615214698059     
  0.115045134904115     
 -0.312263505631213     
  0.181759430955910     
 -0.336844070104757     
  0.130786156281065     
 -0.253166392895252     
  5.199258152188981E-002
 -0.127259418871730     
 -9.433580954903077E-002
  3.881779989822128E-003
 -0.172478723297341     
  7.443251722269552E-002
 -0.192211692282115     
  9.481644192104363E-002
 -0.184226247968534     
  6.775729878653887E-002
 -0.123410206012018     
  2.363608469831844E-003
 -6.606933826871421E-002
 -7.624493771563959E-002
 -8.687304133748934E-003
 -0.133447682985593     
  9.767211950925472E-003
 -0.129362257668119     
 -1.029173518116555E-002
 -0.108728579082017     
  1.210017315052427E-003
 -3.540141794813029E-002
 -1.735165023160534E-002
 -3.016095010027048E-004
 -4.209487467964753E-002
 -1.565687959126781E-003
 -7.320494357546845E-002
  3.092840122813784E-002
 -9.868467562473719E-002
  7.184806999173149E-002
 -0.124171642694097     
  6.885413923354175E-002
 -8.376531823211159E-002
  4.069923241737595E-002
 -6.438827810986139E-002
 -2.779592203618734E-002
 -6.086933703045583E-003
 -0.140271382394199     
  4.532150703181910E-002
 -0.182792962628861     
  8.838758137882900E-002
 -0.171307808077569     
  4.575431259179215E-002
 -0.123442526732872     
  1.561040375983925E-002
 -4.840587510562656E-002
 -4.359262418299230E-002
 -1.129683475824802E-002
 -7.962247882632607E-002
 -1.475103029602368E-002
 -8.954787624485516E-002
 -1.141057700068419E-002
 -5.171440479765894E-002
 -4.533848412185680E-003
 -1.244334017283392E-002
 -4.161962283235761E-002
  3.618115090378557E-002
 -4.090679659717955E-002
  4.892980056456446E-002
 -5.555916510404230E-002
  5.855207269100002E-002
 -5.136661432404339E-002
  2.534001416609991E-002
  6.873685655377188E-003
  2.091026243368814E-002
  3.160958001624183E-002
 -2.406407661439517E-003
  5.940442265271094E-002
 -2.627755683587207E-002
  8.793701586862708E-002
 -5.022223855180317E-002
  7.171386758635390E-002
 -5.559197008323111E-002
  6.216463100348951E-002
 -7.783516338881669E-003
  2.329874812805400E-002
  2.452758005633176E-002
 -5.690173557531286E-002
  7.541666482769246E-002
 -0.111910936257770     
  0.116575720707243     
 -0.113520623003617     
  0.131397957462988     
 -9.139568262146243E-002
  7.887257124017438E-002
 -5.728553769856195E-002
  4.674753122858182E-002
  1.294856047712664E-002
 -1.799833215667540E-002
  8.729512396656909E-002
 -8.285225123036390E-002
  0.122442261340671     
 -0.111492021840996     
  0.121680967054816     
 -8.338408991178525E-002
  8.720154432035986E-002
 -4.003762807227815E-002
  5.544997038927114E-002
  1.763903747648748E-002
 -2.370953120404343E-002
  7.942531132472611E-002
 -5.010542878880616E-002
  0.120032416841206     
 -7.884896209603576E-002
  0.127450554779178     
 -3.692134388951904E-002
  5.514907307703830E-002
  7.480698926486560E-003
 -1.672269240919377E-003
  4.575410785500816E-002
 -6.616616592483730E-002
  0.112459905028175     
 -8.583627722080700E-002
  0.101095386995634     
 -4.189915854514745E-002
  6.424835819267746E-002
  2.464133636494132E-002
  3.201939239115162E-002
  6.824250828271849E-002
 -3.130990132194907E-002
  9.469058425988403E-002
 -3.909198321150276E-002
  0.128531963226440     
 -4.553928224945607E-002
  0.120585168883744     
 -6.319821350156078E-002
  7.564792586210843E-002
 -2.926677244163419E-003
  9.149602439407798E-003
  6.729988979687752E-002
 -6.840366924526527E-002
  9.979004973254410E-002
 -0.113394805758454     
  7.859459038210799E-002
 -0.101605963173325     
  7.987075925348799E-002
 -6.436666113405537E-002
  3.290863366720882E-002
  4.392529525025887E-003
 -3.790256007534344E-002
  4.744301924254311E-002
 -9.645502272423438E-002
  9.106592313600045E-002
 -9.897307799567140E-002
  9.358253299707475E-002
 -0.100178697003096     
  7.483114503108942E-002
 -6.267326119722229E-002
  2.231424828477086E-002
 -5.314020198059102E-003
 -3.377202903967621E-002
  3.466596509438599E-002
 -5.505010643323123E-002
  5.381814633287310E-002
 -9.050869008023865E-002
  4.132443599753771E-002
 -0.105509436938975     
  1.714433728577976E-002
 -7.925638158434770E-002
 -2.000318106870922E-002
 -5.803479474605721E-003
 -0.106966373420918     
  4.373332397565849E-002
 -0.122281124033499     
  5.484386676059543E-002
 -0.121432444710398     
  4.072462505745419E-002
 -7.620321149918811E-002
 -1.019623800256743E-002
 -2.474816271955247E-002
 -7.339268962166931E-002
 -1.207615767425329E-003
 -9.842755288581038E-002
  2.029453487603914E-002
 -0.104780864616388     
  2.297559903833911E-002
 -9.111395531432394E-002
 -6.795945386489110E-003
 -8.450864431892743E-002
 -3.670300126044503E-002
 -3.923184517079961E-002
 -6.921383681610732E-002
 -2.494422070412524E-002
 -8.233781901998104E-002
  2.359784823860235E-002
 -0.109383242752801     
  4.439365122414034E-002
 -0.102702993486258     
  2.957572533293670E-002
 -7.790540442215510E-002
 -4.715009230417774E-003
 -4.442180136683369E-002
 -5.068899532666637E-002
  1.032816113473819E-002
 -9.417680871042886E-002
  2.278952530982931E-002
 -9.170892996191912E-002
 -1.505731330216089E-003
 -7.674686006236522E-002
 -1.984431931346116E-002
 -6.605719387081796E-002
 -4.100476992131259E-002
 -5.830214853830831E-002
 -5.933864410623328E-002
 -2.746257571630195E-002
 -9.776896099461446E-002
 -1.833818736472695E-002
 -9.901887999448951E-002
  9.925752001822474E-004
 -0.111754810222704     
 -1.449254180114484E-002
 -9.486227593023812E-002
 -3.933446450022066E-002
 -0.100421149872431     
 -4.866877191216199E-002
 -9.180891080287229E-002
 -6.675152837971471E-002
 -5.977414563205202E-002
 -8.425625533035218E-002
 -4.247206347752035E-002
 -0.113094759930790     
 -3.572769357263039E-002
 -0.101606564819018     
 -3.459787254879687E-002
 -8.885258550528266E-002
 -3.824647065322957E-002
 -7.209719594342578E-002
 -5.622451224945117E-002
 -5.302053512771353E-002
 -8.714528983820628E-002
 -4.131203086791545E-002
 -0.104207358502841     
 -3.670986603002570E-002
 -0.118830152047849     
 -4.193330716373103E-002
 -0.120070850174104     
 -5.303925129471466E-002
 -0.107296475995197     
 -5.400600952757885E-002
 -9.106268309188226E-002
 -7.371643638024561E-002
 -7.445042590069581E-002
 -8.630292818948147E-002
 -4.748146647170391E-002
 -0.103334028177100     
 -2.993006634276275E-002
 -0.100498561383505     
 -1.893765058678194E-002
 -0.100640537455198     
  8.112551141343049E-003
 -0.107719851662194     
  2.367532615385057E-003
 -7.757283534356704E-002
 -3.671778703548434E-002
 -2.903996040095089E-002
 -9.441763541029563E-002
 -1.078691173431840E-002
 -0.114254027421662     
  3.089672046342768E-003
 -0.108956776408359     
 -7.019206542284753E-003
 -9.558326392453072E-002
 -2.494625418775343E-002
 -4.936361024777662E-002
 -6.150864957569382E-002
 -8.720369713567804E-003
 -9.270098091785611E-002
  3.462291287399245E-002
 -0.118603655095385     
  6.222636892701768E-002
 -0.119100490678246     
  4.496956275251004E-002
 -7.852242656166776E-002
  1.490191419824864E-002
 -1.821187375141978E-002
 -3.393801074006669E-002
  2.443479324992950E-002
 -6.180276765171534E-002
  7.000250609545290E-002
 -7.471508963146185E-002
  7.276609100865351E-002
 -5.771231264239143E-002
  6.627679237111031E-002
 -2.367724909102914E-002
  2.914032234996711E-002
  3.733994728909770E-002
 -2.141932416069151E-002
  8.631706784272855E-002
 -3.796038443420751E-002
  0.101852600731777     
 -2.532944459763391E-002
  0.118375849592931     
 -1.048118826525837E-002
  9.747988364577900E-002
  2.827463281089819E-002
  8.207986322143949E-002
  5.702454725800412E-002
  5.133825634807622E-002
  8.274765120423427E-002
 -1.345738979456705E-002
  0.133690894690189     
 -4.722906452871350E-002
  0.135387213683795     
 -4.420981354625810E-002
  0.126125896458491     
 -3.489612794668456E-002
  8.479978052233693E-002
  2.871694918632621E-002
  2.521952453781393E-002
  8.999311081899627E-002
 -3.816909111259770E-002
  0.121431324569515     
 -7.871304586462376E-002
  0.142799749296141     
 -7.278480603593357E-002
  0.121937970894702     
 -2.194496712875967E-002
  5.653797674800282E-002
  7.031122788851668E-002
 -3.407167896002192E-002
  0.140002828853159     
 -5.687666011329547E-002
  0.158771298220800     
 -7.095473390781594E-002
  0.161004088856362     
 -4.226720375132526E-002
  0.118900308345567     
  1.934192576282422E-002
  5.672757829302021E-002
  9.840294810590113E-002
  1.282138817198103E-004
  0.154701393280179     
 -3.468105104434196E-002
  0.169640368381234     
 -3.670630552313734E-002
  0.158509025659861     
 -6.656375782001664E-003
  0.125509308471535     
  2.845727605261286E-002
  7.207410086259394E-002
  9.483336124140673E-002
  9.462598042794625E-003
  0.127670235759684     
 -2.125062856942452E-002
  0.132030591623856     
 -3.714831120350667E-002
  0.142454620722878     
 -3.686189294469594E-002
  0.108316687777701     
  1.050772064832228E-002
  5.787605351205831E-002
  6.750566132997207E-002
  7.018152884696087E-003
  0.113982478614944     
 -2.395188211211382E-002
  0.127065156425592     
 -3.082486272896487E-002
  0.122842966882894     
 -1.204627240133217E-002
  8.436943009860316E-002
  2.853586935325857E-002
  4.426846370974327E-002
  7.265767132324820E-002
  7.598979122507283E-003
  0.104707298475920     
 -1.450466096031741E-002
  0.113755125520093     
 -3.386229298760369E-003
  0.105867645067878     
  1.163327644171407E-002
  7.084692017899898E-002
  6.091472867064659E-002
  3.572518825974004E-002
  0.106977813461700     
  6.817074879526355E-004
  0.122220171684532     
 -1.071356655103689E-002
  0.124248738930177     
  4.052945714259193E-003
  0.108551226898871     
  2.716479680581133E-002
  5.828004826218233E-002
  7.024373199737689E-002
  4.584299441759782E-003
  0.119067698843153     
 -3.458135304535273E-002
  0.136762241471998     
 -3.401613609860250E-002
  0.109606715208045     
 -9.137877186708141E-003
  6.388574717682095E-002
  4.232028841037293E-002
  3.151021766540379E-002
  8.058639420675284E-002
  1.164561409770863E-002
  0.105600840940901     
  6.755516668852645E-003
  0.104805224767171     
  2.062790463201444E-002
  7.695221458419586E-002
  4.385089398855450E-002
  5.299258846367409E-002
  7.137970114091463E-002
  3.463963658906365E-002
  9.398182161552490E-002
  2.280373647314041E-002
  9.651334966408660E-002
  2.854864402568492E-002
  8.889335703201390E-002
  4.722297856379507E-002
  8.334601470466656E-002
  6.676060221241079E-002
  6.971707451619107E-002
  9.196507869423162E-002
  5.148859745753418E-002
  0.113108215349152     
  4.478323290966613E-002
  0.126199648219811     
  4.617377821228083E-002
  0.112857827940604     
  8.538742503040768E-002
  8.216172220016316E-002
  0.112601967027841     
  6.874459517558563E-002
  0.113608664072993     
  7.593257594021541E-002
  0.103712783090126     
  7.758024722583882E-002
  9.528080348733274E-002
  8.319487955193597E-002
  7.636892619091097E-002
  9.054077706906123E-002
  6.239929529217273E-002
  0.105598317829687     
  5.907973252415329E-002
  0.106274940692310     
  6.289547474581415E-002
  0.102097917034408     
  7.929343639272791E-002
  0.108638381410084     
  8.834971419966148E-002
  0.110517483407882     
  0.101513198328126     
  9.478321074304821E-002
  0.109423768564750     
  8.300343310561738E-002
  0.119451575332566     
  7.884050552898818E-002
  0.116631097008829     
  7.280043470196429E-002
  0.127156133636438     
  7.463047113612860E-002
  0.112918654693244     
  6.957644816282323E-002
  0.107033615065067     
  8.327944287119624E-002
  8.944954988099751E-002
  8.360433969087624E-002
  8.485837298467092E-002
  0.114676708065249     
  5.590982589275915E-002
  0.130053577770438     
  4.819500538315223E-002
  0.107818597764661     
  7.104881798627653E-002
  9.020640929092305E-002
  9.028392196767729E-002
  7.647298416895550E-002
  9.183367595187668E-002
  6.121517143580137E-002
  9.055840334000219E-002
  5.925595862485265E-002
  9.697934003964653E-002
  5.980110041941207E-002
  8.454728555956309E-002
  5.351066237472086E-002
  6.690247159791959E-002
  5.992156844743955E-002
  5.050115833490557E-002
  6.461945553081690E-002
  3.590213397917628E-002
  7.812997248487882E-002
  2.673982495226388E-002
  6.913681055004743E-002
  2.455446505406960E-002
  4.975262754064479E-002
  3.238296481980349E-002
  2.553351837343431E-002
  5.150542110549192E-002
  5.889051587765726E-003
  4.322358692046682E-002
  2.210607428841375E-003
  3.363884525570199E-002
 -4.266630140362994E-003
  1.725629760012480E-002
 -1.771366470677958E-003
  7.861780787551561E-003
 -8.701179668753854E-005
  1.869908709960929E-003
 -8.306673525914021E-003
 -7.957275112066869E-003
  2.143676814987975E-003
 -1.664829804932303E-002
  2.003663224803738E-002
 -3.630559627451653E-002
  5.635756966219728E-002
 -5.141290087627236E-002
  6.640667411508709E-002
 -5.050823926685353E-002
  4.854624283459000E-002
 -3.520595202434035E-002
  8.500796595905977E-003
  1.406803246557336E-003
 -2.719727036571268E-002
  2.272905305330511E-002
 -6.736148051865896E-002
  5.891132784371333E-002
 -8.281988444360262E-002
  6.266066562186896E-002
 -6.221196133821234E-002
  4.521135663407564E-002
 -4.182585163655711E-002
 -1.090566782117013E-002
 -4.854991152870221E-003
 -5.097928921895464E-002
  3.410598314714773E-002
 -6.529236583172736E-002
  5.869830554804635E-002
 -7.240904904141819E-002
  4.696744665991159E-002
 -3.683545916583606E-002
  3.300110377414771E-002
  3.190287153749157E-003
 -1.646777963030398E-002
  6.330777479877442E-002
 -4.726320440271280E-002
  9.215975526164290E-002
 -6.397056649511319E-002
  8.441524270715772E-002
 -4.401151002066888E-002
  5.168373928436708E-002
 -3.804614625851311E-003
 -1.840196103680559E-003
  6.857492114004025E-002
 -4.290823415274376E-002
  0.116664104939593     
 -7.130040867959572E-002
  0.122921298081976     
 -5.811484023428281E-002
  9.301455193916698E-002
 -7.186203795555428E-003
  4.172882862139785E-002
  5.377217111499791E-002
 -3.111868020615058E-002
  0.114782076542039     
 -7.246788369556673E-002
  0.123066818644862     
 -8.097055719206142E-002
  9.967445248536194E-002
 -3.581854356887065E-002
  4.310830005278202E-002
  5.558883896301153E-003
 -4.228177767040419E-003
  6.203243070679447E-002
 -4.664303203510042E-002
  0.108549191684791     
 -8.340063270324691E-002
  0.116726379088486     
 -9.921024762099050E-002
  0.107111577781802     
 -4.896786659021138E-002
  4.517638875457150E-002
  2.219166781600929E-002
 -4.320279358894104E-002
  8.882777903355620E-002
 -0.109685562442839     
  0.132338162579067     
 -0.132173870237391     
  0.123238931518722     
 -0.104682200556637     
  6.186226375049443E-002
 -3.407162427906353E-002
 -1.768838453571409E-002
  2.492445006070746E-002
 -8.064235519868321E-002
  8.014757721212730E-002
 -0.127003669024793     
  9.565361002301309E-002
 -0.123551086332304     
  7.610403150649271E-002
 -8.488575522667251E-002
  3.015672518248652E-002
 -2.410935927357730E-002
 -2.642172159589752E-002
  3.728247517416997E-002
 -8.467971797974505E-002
  8.988327100974439E-002
 -0.119905953009670     
  0.104258319189459     
 -0.114374566757152     
  7.922629347182147E-002
 -6.923203713503737E-002
  2.296845397048256E-002
 -8.818601209400409E-004
 -3.659728793288400E-002
  5.898411265673953E-002
 -8.784665406406331E-002
  0.104502305586952     
 -0.118283645197160     
  0.113911867030495     
 -0.105986340981696     
  8.035948480396446E-002
 -4.610581920596334E-002
  1.661161236242359E-002
  2.249723522035828E-002
 -4.988186148248780E-002
  8.057000266042957E-002
 -8.201602127930747E-002
  0.106761769180103     
 -9.606086052567338E-002
  9.821212759626780E-002
 -6.706369431706803E-002
  5.089804348181919E-002
 -1.055585534530514E-002
 -7.615322754636054E-003
  4.101238207131543E-002
 -5.711313982975877E-002
  6.739241925843013E-002
 -8.572011032882020E-002
  7.758859739174746E-002
 -7.541694425348040E-002
  6.315752267119210E-002
 -3.751838405729911E-002
  2.273037057264132E-002
  1.009585924118443E-002
 -2.402675461811542E-002
  5.111723216182124E-002
 -5.682535241462910E-002
  5.998651952993639E-002
 -6.740997563457506E-002
  6.322637607231575E-002
 -4.701463155641451E-002
  3.750915413041163E-002
 -1.190705485691317E-002
  5.910101557386690E-003
  1.910744250315786E-002
 -2.725718743293628E-002
  5.363227757852943E-002
 -4.675979018789498E-002
  6.595773496658805E-002
 -4.556525524229021E-002
  7.490132289504292E-002
 -1.916832647494309E-002
  3.553520527806811E-002
  2.774775378816368E-002
  3.456442211334830E-003
  5.062657009756007E-002
 -2.021447666208596E-002
  6.122883519083112E-002
 -2.710773483788702E-002
  6.548829762522655E-002
 -8.349453772160304E-003
  5.224160421831456E-002
  1.258824270267396E-002
  2.928704007160550E-002
  2.677004389873561E-002
  1.669119438553514E-002
  3.886684674519066E-002
  3.495612834463428E-003
  5.554241246960188E-002
  2.940704246410645E-003
  5.184415335559413E-002
  6.554956392444503E-003
  5.022735331692446E-002
  1.622739167409882E-002
  3.315745374631689E-002
  2.751058225470308E-002
  2.610318396143658E-002
  3.784632101942012E-002
  1.665860163399574E-002
  4.565608071031722E-002
  1.235756604912864E-002
  4.858587627859261E-002
  9.016261854692068E-003
  5.363142809755238E-002
  2.435669870079198E-002
  4.053447688235852E-002
  3.303251029033704E-002
  2.117719757296050E-002
  6.398059669521378E-002
  9.625563610996419E-003
  6.563584483504424E-002
  1.298562659290488E-002
  5.940352371418434E-002
  5.383929635006343E-003
  4.712416747777764E-002
  1.782527979363645E-002
  2.003017095397260E-002
  2.948071864183768E-002
  5.401025727388617E-003
  4.421871954050426E-002
 -1.440658597188759E-002
  4.154497238637586E-002
 -2.477865533844825E-002
  4.902974587132279E-002
 -1.848861071107435E-002
  4.117677494279094E-002
  6.788402914774025E-003
  1.318477746653529E-002
  2.983198558470791E-002
 -1.416974740816132E-002
  5.056907157664964E-002
 -2.737552937830488E-002
  4.478143039630966E-002
 -2.357078464015800E-002
  2.742748901274018E-002
 -2.248936611714237E-002
  2.195894819174996E-002
 -2.532410770455874E-002
  8.123520547559410E-003
 -1.624169340622749E-002
  6.383191016275290E-003
 -8.084386887667929E-003
  3.450254743455160E-003
  2.544512626626375E-005
 -9.360208781478332E-003
  6.176286494535597E-003
 -7.666183931738807E-003
  1.182573101758781E-002
 -1.757057303992555E-002
  6.763458221529987E-003
 -6.190176337599013E-003
  1.079393404607509E-003
 -8.231123546501943E-003
 -5.437249261778620E-003
 -8.928988010240320E-003
 -7.970925932162327E-003
 -1.879308223119423E-002
 -3.311717874192287E-003
 -2.310841401623010E-002
 -1.596589672407454E-002
 -1.460964759512618E-002
 -2.007281710664048E-002
 -2.110824901223105E-003
 -2.256675393706679E-002
  2.630895578068241E-002
 -3.460974267062744E-002
  4.237228390885055E-002
 -2.605057847542986E-002
  2.418728941304040E-002
  4.742548456676127E-004
 -6.887465506754002E-003
  1.973796853990164E-002
 -2.631179515055664E-002
  3.477467516843182E-002
 -3.997027346879595E-002
  4.400855730819741E-002
 -4.588970709321918E-002
  2.738573225290002E-002
 -3.931240847131957E-002
  9.890281863450883E-003
 -7.927330814377886E-003
 -1.812320552939495E-002
  2.519146744850044E-002
 -4.722176334314167E-002
  4.145462252648682E-002
 -4.298542959870944E-002
  6.240565385746900E-002
 -4.615723752809082E-002
  5.355444512583667E-002
 -1.729109792098556E-002
  2.484822440931304E-002
  2.441953317688529E-002
 -7.042140026173390E-003
  5.741946446933249E-002
 -3.580515540825526E-002
  6.819972005651073E-002
 -3.175470264574245E-002
  5.942950698578751E-002
 -1.174735380023689E-002
  3.638763771706782E-002
  2.109665515093516E-002
 -4.062854647500468E-004
  5.284777946413602E-002
 -3.406883845525113E-002
  8.506771276418205E-002
 -3.781770403279556E-002
  8.223558265157649E-002
 -1.491647763105819E-002
  6.451807488731678E-002
  8.574182494011271E-003
  3.220679306796541E-002
  2.681668629297473E-002
 -8.303445426067761E-003
  4.215236726310641E-002
 -3.221584530866370E-002
  5.699644935867800E-002
 -2.406798889822039E-002
  5.784729063826171E-002
 -2.317658349568567E-002
  5.065947700138078E-002
 -7.219193580966590E-003
  4.462444194940644E-002
  1.708221088575555E-002
  2.228168429773180E-002
  5.311956648127988E-002
  6.054980432395123E-003
  7.291993399885861E-002
 -2.083329180176072E-002
  9.597233421711601E-002
 -2.837744400437348E-002
  8.776380152587243E-002
 -9.618558481440888E-003
  7.331451643158565E-002
  2.959984533554112E-002
  3.533158155531672E-002
  8.701145857955166E-002
 -7.841102321745974E-003
  0.105927999249313     
 -1.638223993948010E-002
  0.108795162080936     
 -1.765657927352989E-002
  9.339783579854727E-002
  1.072146142597312E-004
  5.662317521292504E-002
  1.476450906655877E-002
  3.164043776294221E-002
  5.621479331710433E-002
  6.200250795211311E-003
  8.183480684578195E-002
 -1.328762428741433E-002
  9.361473750649447E-002
 -6.872797623843284E-003
  7.489449251711805E-002
  1.093150486400978E-002
  5.676215132741784E-002
  1.926912570723790E-002
  2.404357186201894E-002
  5.828822718347056E-002
  3.945435142597853E-003
  7.856108437516260E-002
  5.900438665736755E-003
  7.791877925786596E-002
  1.323374127029194E-002
  5.979894481220509E-002
  4.074675934370318E-002
  3.571585538652080E-002
  5.896287958316410E-002
 -4.923668015823527E-003
  7.688412054985169E-002
  1.958319393625475E-003
  6.672808357846031E-002
  2.297911689772936E-003
  5.199928847395351E-002
  1.549671827185819E-002
  2.251714465099195E-002
  4.653795648992342E-002
  9.135501720131892E-005
  7.149170749444690E-002
 -1.758618496889363E-002
  7.832369005128251E-002
 -2.685200150620450E-002
  6.800832097765855E-002
 -2.531738775859617E-003
  4.714534685340185E-002
  2.889987423765488E-002
  1.582102208551289E-002
  6.252391156746814E-002
 -2.613305810849872E-002
  7.638432706324916E-002
 -3.657205370507122E-002
  7.620008088844994E-002
 -2.416447064951677E-002
  6.510383308395720E-002
 -5.185625892347622E-003
  3.905842341793758E-002
  2.814608369737900E-002
 -1.012325713311930E-003
  4.788162130905946E-002
 -1.623403599284446E-002
  5.569799580202720E-002
 -2.033627615757636E-002
  5.374731588218334E-002
 -1.858159977206346E-002
  2.880762064065247E-002
  3.170232296780646E-003
  2.979597646275054E-003
  1.663314924881890E-002
 -1.263511176905500E-002
  2.908868205852437E-002
 -3.024278514705912E-002
  2.160880050408173E-002
 -2.898477253814829E-002
  2.706665250434947E-003
 -2.765300244595736E-002
 -6.827410014024088E-003
 -2.112458535175893E-002
 -3.055425594178457E-002
 -1.191100163258330E-003
 -5.437956827281058E-002
  9.460224590404621E-003
 -5.482993025041177E-002
  1.238826046144047E-002
 -6.056020443362173E-002
  2.173603657571246E-003
 -4.471630199782988E-002
 -3.656565854971142E-002
 -2.148697043359784E-002
 -6.894908688928418E-002
 -1.002974600193756E-003
 -7.934897278062929E-002
  1.419124132047095E-002
 -6.934241237248895E-002
 -1.440957765363190E-003
 -5.296018340301697E-002
 -1.182970723359723E-002
 -2.775217555991957E-002
 -3.970996245174899E-002
 -1.435074524348763E-002
 -5.791838303067406E-002
 -5.066401129546086E-003
 -7.848740292875923E-002
  6.240350417097857E-003
 -7.654822949284736E-002
 -6.291376660741952E-003
 -5.561471313373541E-002
 -1.703316428424280E-002
 -2.615371718415704E-002
 -3.768824315229623E-002
 -1.841749645874024E-002
 -3.966342681590519E-002
 -1.086798429346294E-002
 -3.371845142659148E-002
 -1.115043982958834E-002
 -2.301215487925858E-002
 -2.368752183152171E-002
 -1.609352923596789E-002
 -3.036618729724973E-002
 -2.113262880499325E-002
 -3.545463493495200E-002
 -2.927654099531250E-002
 -3.075931166487120E-002
 -2.001753653284031E-002
 -3.350745835713652E-002
 -1.482106929289934E-002
 -3.397029419030256E-002
 -1.608464594833744E-002
 -3.744956355831148E-002
 -7.603659866033135E-003
 -4.497597971041029E-002
 -1.368130147637886E-002
 -3.806725359223198E-002
 -2.043940224708535E-002
 -4.485904691585538E-002
 -1.010381771227211E-002
 -4.294674282321691E-002
 -3.432892412662354E-002
 -2.586067575802861E-002
 -5.235918476748163E-002
 -4.270884691572939E-003
 -7.544117253512220E-002
  1.673633663204478E-002
 -6.970889589128226E-002
  5.334416358589075E-003
 -5.793549819010888E-002
 -1.725658584766596E-002
 -4.037612893788164E-002
 -5.932974121742710E-002
  3.511712022769886E-003
 -8.822009480598571E-002
  2.445459548265203E-002
 -8.673817517144894E-002
  1.076498281612697E-002
 -7.710205957153457E-002
 -4.327295090247743E-003
 -5.360026313115745E-002
 -4.779260061656450E-002
 -4.854291169051781E-004
 -8.281930173700290E-002
  2.621398419127814E-002
 -0.106234979545763     
  3.940025614374464E-002
 -0.109966102457679     
  2.706324075670923E-002
 -7.852705614224033E-002
 -1.124117416733187E-002
 -2.948548335720556E-002
 -5.637394152874643E-002
  1.677669744673899E-002
 -8.657574707344901E-002
  4.915723477914852E-002
 -0.105355774638642     
  4.515799549382782E-002
 -8.902100441628065E-002
  1.079866905414346E-002
 -5.867774178903183E-002
 -2.811447486249752E-002
 -2.093819864293013E-002
 -6.303005581710414E-002
  7.780875185484215E-003
 -9.838473631501617E-002
  1.215495695741257E-002
 -0.116024041241118     
  1.841002725751405E-002
 -0.105206486966654     
 -9.720133796370180E-003
 -5.406285996846392E-002
 -5.541813972161733E-002
 -1.810507947331641E-003
 -0.108567865288311     
  3.291763554233015E-002
 -0.130399332150094     
  2.703935587544407E-002
 -0.119357370085258     
  3.469994706731903E-003
 -7.277917283155751E-002
 -5.010229144198726E-002
 -2.890768991463204E-002
 -8.705993082925516E-002
 -1.375215747543297E-002
 -0.101573264247360     
  9.079886554614843E-004
 -0.114328176656230     
  1.112546652176772E-002
 -0.106270780961311     
 -2.100824232409410E-003
 -8.464485530152600E-002
 -5.641874597952076E-002
 -3.904911532909543E-002
 -8.255608594475014E-002
 -1.873317757575447E-002
 -0.114919732349081     
 -6.822173793913254E-003
 -0.129623898592716     
 -1.270334498641166E-002
 -0.121091301868552     
 -4.424243350214260E-002
 -9.098949408012402E-002
 -8.538585021475456E-002
 -5.986716613899225E-002
 -0.119396865135945     
 -4.690154779145461E-002
 -0.133088555802024     
 -4.195485741910444E-002
 -0.125671024553091     
 -4.863059214736933E-002
 -0.112823671845242     
 -5.069063243707726E-002
 -0.108263083484701     
 -7.215406155612047E-002
 -8.298282214238611E-002
 -9.745394770126528E-002
 -5.968612199843985E-002
 -0.100221546117221     
 -4.356177244725708E-002
 -0.106290050696582     
 -4.597491121028320E-002
 -9.269931813932389E-002
 -3.431607234923733E-002
 -9.804144899618071E-002
 -4.070212149144162E-002
 -7.424284042129436E-002
 -5.131494797048399E-002
 -5.159950485375865E-002
 -7.582192944411638E-002
 -3.121122657108666E-002
 -8.488487404028708E-002
 -1.932581044549629E-002
 -8.429949058168584E-002
 -1.443235940899235E-002
 -7.063233975818550E-002
 -2.492138750623191E-002
 -4.799144167706459E-002
 -5.057409672994380E-002
 -2.359419298224159E-002
 -6.291675120419256E-002
 -1.308875945503606E-002
 -6.836361515631240E-002
 -1.736336389647222E-002
 -7.873924058810161E-002
 -3.080805121066903E-002
 -7.545525866784650E-002
 -2.717641139039375E-002
 -6.693187745524747E-002
 -3.715806211341902E-002
 -5.879634959165490E-002
 -4.997765417676313E-002
 -4.225710847980002E-002
 -7.230034238393707E-002
 -2.181930067105217E-002
 -8.644000625314524E-002
 -8.816911050173439E-003
 -9.519266858964467E-002
 -6.455461909347045E-003
 -9.571367831916557E-002
 -1.635601491948416E-002
 -6.820667906229264E-002
 -5.226103353387776E-002
 -3.670574978693120E-002
 -9.247907407128404E-002
 -4.766487107494524E-003
 -0.123706221969867     
  5.176432751582102E-003
 -0.126466092714257     
 -2.209030363198996E-003
 -9.958977966365613E-002
 -3.415050159495796E-002
 -6.482631296980376E-002
 -8.100180804291116E-002
 -1.348886003480069E-002
 -0.127794418501241     
  1.432478258544314E-002
 -0.136307628113441     
  1.526120028864791E-002
 -0.120555924172079     
 -5.221820237344056E-003
 -9.744737474020321E-002
 -4.821809013604236E-002
 -4.755999121188220E-002
 -9.533612474680389E-002
 -4.783765239704099E-003
 -0.134951856691458     
  1.737018799682257E-002
 -0.147049005173640     
  9.185634701148930E-003
 -0.129731228965123     
 -2.897939163818120E-002
 -7.722129417784439E-002
 -8.214929298492360E-002
 -3.063142530660866E-002
 -0.121485802710269     
  1.106193685868862E-002
 -0.149844245284236     
  1.811074133908423E-002
 -0.128893735620350     
  9.039956509996293E-003
 -0.107356598941154     
 -1.741613081734783E-002
 -6.654306765764885E-002
 -6.648965746052649E-002
 -2.068502463869459E-002
 -0.102784506253661     
  2.098420154266488E-002
 -0.116162148946170     
  3.109355402794049E-002
 -0.109687502144375     
  1.342618188442369E-002
 -7.471505811378376E-002
 -2.375471108928266E-002
 -3.027673436705055E-002
 -6.507035552224273E-002
 -2.720204146051675E-003
 -0.107653388266865     
  1.939877982734424E-002
 -0.105270005366131     
  1.486005621766956E-002
 -9.810687348763096E-002
  3.707819591504785E-003
 -7.241857411141123E-002
 -2.123403174331420E-002
 -2.599069953922101E-002
 -5.441952006055856E-002
  8.866634285975498E-003
 -7.386351632658950E-002
  3.129199942036725E-002
 -8.369702290061662E-002
  2.624899283592193E-002
 -7.375939819756873E-002
  1.162804668512425E-002
 -4.167278019066276E-002
 -1.844510372817253E-002
 -2.722528726100868E-003
 -4.749812412422874E-002
  1.497032906043103E-002
 -6.722120950482391E-002
  1.071801031718518E-002
 -6.483410831439573E-002
 -1.832066800215768E-003
 -6.349602537764129E-002
 -2.762518128603641E-002
 -2.740884665184726E-002
 -5.278038489761860E-002
 -5.299584668234911E-003
 -6.941147406286614E-002
  1.323123228596233E-002
 -7.897017216326455E-002
  1.570551594887673E-002
 -5.267290186163640E-002
  1.546009671159889E-003
 -2.716572284230115E-002
 -2.283760938596245E-002
  7.967772474190352E-004
 -4.354670615231535E-002
  2.091582574630173E-002
 -5.736983024939853E-002
  3.061342100573784E-002
 -5.831941280225141E-002
  2.269909538933250E-002
 -5.132142279038006E-002
  1.004379948022688E-002
 -2.806438280603480E-003
 -1.772257425129716E-002
  4.025209455410092E-002
 -4.867295242651491E-002
  6.400581961440589E-002
 -6.128053541928761E-002
  5.511458590735783E-002
 -4.234532715685104E-002
  2.580681874332265E-002
 -7.542154635420770E-003
 -8.106315738810534E-004
  2.306152584846754E-002
 -1.811055498145847E-002
  3.940111457390734E-002
 -2.886991978433143E-002
  5.515067888721944E-002
 -3.345391246601000E-002
  5.403724736080872E-002
 -6.332103717211595E-003
  3.519350583403463E-002
  1.962478221731379E-002
  4.399199748693192E-003
  4.479484252761406E-002
 -1.986236509666282E-002
  4.755586481757422E-002
 -2.354328108400719E-002
  4.509056080487658E-002
 -5.424487411148527E-003
  1.982383893013443E-002
  1.904683242032182E-002
  3.864441995570967E-003
  3.670403096454986E-002
 -7.227479803379941E-003
  5.245130949110521E-002
 -1.152504735774463E-002
  4.881190974558333E-002
 -5.279088685347723E-003
  4.559386104043877E-002
  1.055633790354238E-002
  2.361212061386049E-002
  2.261466673802686E-002
 -7.128603424677764E-003
  4.520032875733548E-002
 -6.851641255408589E-003
  4.416822254095235E-002
  7.840802100720301E-003
  3.622052280589033E-002
  1.227215715091688E-002
  2.876821013079668E-002
  2.052222852860027E-002
  1.569307191335030E-002
  4.763121989175315E-002
 -8.998351597750098E-003
  6.009725652542478E-002
 -2.194439329395001E-002
  6.971149430280177E-002
 -2.599048049240052E-002
  5.026316147112422E-002
  5.833235722487385E-003
  1.494252686594813E-002
  3.244571709096527E-002
  1.578297008845192E-004
  5.656264877848326E-002
 -4.913216608334430E-003
  7.200210448134142E-002
 -7.124056080624548E-003
  6.650154428212957E-002
  2.501608747395431E-004
  4.600115117305700E-002
  8.157014624052446E-003
  1.869795736206736E-002
  3.111025749289470E-002
 -7.133203913553959E-003
  4.286751776356855E-002
 -3.503118154568133E-002
  6.789878494046832E-002
 -3.414510529817235E-002
  5.946654261283663E-002
 -1.962392830608265E-002
  4.725380966328242E-002
 -1.854236043538765E-003
  1.704041059606376E-002
  3.435267769164265E-002
 -1.958243303076184E-002
  6.332915054732616E-002
 -3.906109972601109E-002
  7.882576944231592E-002
 -3.829681630543939E-002
  6.125475574340034E-002
 -1.341966320218107E-002
  3.289392322227724E-002
  2.452839081471955E-002
 -1.046665471094876E-002
  4.951935993822219E-002
 -4.899145970173149E-002
  6.855111649708606E-002
 -5.331446388644083E-002
  7.091518653510895E-002
 -5.161622813989285E-002
  4.335689906566676E-002
 -2.665204428530196E-002
  1.273547577233793E-002
  1.663332855085860E-002
 -3.347577255121634E-002
  7.337032146510619E-002
 -5.544721713903461E-002
  8.079643790416979E-002
 -6.087582665073820E-002
  5.924340903385356E-002
 -3.058209458418062E-002
  2.065491487798688E-002
  7.303150516043624E-003
 -1.409673362913474E-002
  4.268481063368127E-002
 -4.715310798029242E-002
  5.686078161896293E-002
 -5.518465343554259E-002
  5.649765929671779E-002
 -3.811189231501494E-002
  4.195897533390587E-002
 -1.644020302528086E-002
  9.151309725724666E-003
  2.261480565250709E-002
 -2.712239341708508E-002
  3.958963258442920E-002
 -4.703435181211629E-002
  5.243987330645464E-002
 -6.008182635067218E-002
  4.703121081036532E-002
 -5.664986460086865E-002
  3.921857935449676E-002
 -2.088484593067576E-002
 -1.019385114858813E-003
  6.569349701155289E-003
 -5.074281768788241E-002
  3.076324692642845E-002
 -6.232103815436792E-002
  1.225346536407318E-002
 -6.855192036114226E-002
  1.515674762475960E-002
 -3.600704868733048E-002
 -1.891270547177601E-003
 -7.233372571878463E-003
 -3.245896102192053E-002
  2.092170738512467E-002
 -6.160513460487003E-002
  5.321620777709736E-002
 -6.218195998948976E-002
  4.078014264085864E-002
 -5.536992833658346E-002
 -9.934420365149781E-003
 -2.697723606959537E-002
 -3.077400077375796E-002
 -7.441242854151269E-003
 -3.012605167833371E-002
  1.049288886223428E-002
 -4.680372275660931E-002
  2.406880166986126E-002
 -4.225200235805646E-002
  2.920478828004412E-002
 -2.476063447621821E-002
  2.041271381793857E-002
 -5.158707943684568E-003
  8.422655760132493E-003
  1.604367680527590E-002
 -1.019540911839182E-002
  4.483552517717160E-002
 -7.924131051004753E-003
  5.306488899664016E-002
 -8.986160199077343E-003
  3.898995129695070E-002
  2.757207228527500E-003
  2.217407349778177E-002
  1.950667967857844E-002
  1.048224160893973E-002
  2.206402241152638E-002
  2.792941757209413E-003
  5.202655557001079E-003
  2.146584255802999E-002
  2.271375855398864E-003
  1.653931678873508E-002
  1.235762639077160E-002
  3.987667492309163E-003
  4.247761644618223E-002
  3.308120610961152E-003
  2.585136786385236E-002
 -8.850845336070513E-004
  2.042588414459773E-002
  1.552843296591533E-002
  6.935062361019699E-003
  2.327527172122685E-002
 -1.158735962245733E-003
  2.353332077885298E-002
 -2.724410398252385E-003
  1.380761485689713E-003
 -1.779287304189656E-002
  2.521591424235579E-003
 -8.264107486094678E-003
  6.791880584118488E-003
 -6.908200098687626E-003
  7.514180150984487E-003
 -2.572234354026071E-003
  7.344297283280026E-003
  1.137583645213914E-002
 -4.399296419214381E-003
  3.657137869088176E-002
  3.734467008999534E-003
  4.922975715657239E-002
  1.089356374685128E-002
  4.067178728123284E-002
  2.527953879211410E-002
  2.320537704858553E-002
  4.005326551678137E-002
  9.924812725299766E-003
  5.559635963124756E-002
  8.425124409341721E-004
  5.199009234711015E-002
  3.963508307111382E-003
  4.562016965524961E-002
  1.137489893682733E-002
  2.114222153830340E-002
  4.298799750888737E-002
 -4.448230840753642E-003
  5.495196903622467E-002
  2.804841032388373E-003
  5.319133789327625E-002
 -4.876595993883145E-003
  5.676331791723022E-002
 -6.880081147273119E-003
  7.401026151189098E-002
 -2.311126635541755E-002
  6.852548455723594E-002
 -1.880545173832152E-002
  5.251767398100247E-002
 -1.033007421611707E-002
  2.123948801642710E-002
  2.932188623830200E-002
 -3.793337767457193E-002
  6.190058739390873E-002
 -6.607307180139706E-002
