 ( 3.906250000000003E-003,  0.00000000000000     )
 ( 3.906250000000080E-003,  0.00000000000000     )
 ( 3.906250000000076E-003,  0.00000000000000     )
 ( 3.906250000000078E-003,  0.00000000000000     )
 ( 3.906250000000094E-003,  0.00000000000000     )
 ( 3.906250000000111E-003,  0.00000000000000     )
 ( 3.906250000000126E-003,  0.00000000000000     )
 ( 3.906250000000157E-003,  0.00000000000000     )
 ( 3.906250000000198E-003,  0.00000000000000     )
 ( 3.906250000000239E-003,  0.00000000000000     )
 ( 3.906250000000260E-003,  0.00000000000000     )
 ( 3.906250000000291E-003,  0.00000000000000     )
 ( 3.906250000000357E-003,  0.00000000000000     )
 ( 3.906250000000402E-003,  0.00000000000000     )
 ( 3.906250000000380E-003,  0.00000000000000     )
 ( 3.906250000000430E-003,  0.00000000000000     )
 ( 3.906250000000449E-003,  0.00000000000000     )
 ( 3.906250000000516E-003,  0.00000000000000     )
 ( 3.906250000000556E-003,  0.00000000000000     )
 ( 3.906250000000617E-003,  0.00000000000000     )
 ( 3.906250000000642E-003,  0.00000000000000     )
 ( 3.906250000000671E-003,  0.00000000000000     )
 ( 3.906250000000686E-003,  0.00000000000000     )
 ( 3.906250000000742E-003,  0.00000000000000     )
 ( 3.906250000000785E-003,  0.00000000000000     )
 ( 3.906250000000808E-003,  0.00000000000000     )
 ( 3.906250000000847E-003,  0.00000000000000     )
 ( 3.906250000000870E-003,  0.00000000000000     )
 ( 3.906250000000934E-003,  0.00000000000000     )
 ( 3.906250000000958E-003,  0.00000000000000     )
 ( 3.906250000000949E-003,  0.00000000000000     )
 ( 3.906250000000942E-003,  0.00000000000000     )
 ( 3.906250000000965E-003,  0.00000000000000     )
 ( 3.906250000001005E-003,  0.00000000000000     )
 ( 3.906250000001070E-003,  0.00000000000000     )
 ( 3.906250000001096E-003,  0.00000000000000     )
 ( 3.906250000001121E-003,  0.00000000000000     )
 ( 3.906250000001127E-003,  0.00000000000000     )
 ( 3.906250000001128E-003,  0.00000000000000     )
 ( 3.906250000001167E-003,  0.00000000000000     )
 ( 3.906250000001193E-003,  0.00000000000000     )
 ( 3.906250000001219E-003,  0.00000000000000     )
 ( 3.906250000001264E-003,  0.00000000000000     )
 ( 3.906250000001283E-003,  0.00000000000000     )
 ( 3.906250000001304E-003,  0.00000000000000     )
 ( 3.906250000001310E-003,  0.00000000000000     )
 ( 3.906250000001324E-003,  0.00000000000000     )
 ( 3.906250000001370E-003,  0.00000000000000     )
 ( 3.906250000001396E-003,  0.00000000000000     )
 ( 3.906250000001406E-003,  0.00000000000000     )
 ( 3.906250000001453E-003,  0.00000000000000     )
 ( 3.906250000001466E-003,  0.00000000000000     )
 ( 3.906250000001509E-003,  0.00000000000000     )
 ( 3.906250000001546E-003,  0.00000000000000     )
 ( 3.906250000001554E-003,  0.00000000000000     )
 ( 3.906250000001588E-003,  0.00000000000000     )
 ( 3.906250000001621E-003,  0.00000000000000     )
 ( 3.906250000001645E-003,  0.00000000000000     )
 ( 3.906250000001697E-003,  0.00000000000000     )
 ( 3.906250000001723E-003,  0.00000000000000     )
 ( 3.906250000001738E-003,  0.00000000000000     )
 ( 3.906250000001770E-003,  0.00000000000000     )
 ( 3.906250000001808E-003,  0.00000000000000     )
 ( 3.906250000001858E-003,  0.00000000000000     )
 ( 3.906250000001885E-003,  0.00000000000000     )
 ( 3.906250000001910E-003,  0.00000000000000     )
 ( 3.906250000001936E-003,  0.00000000000000     )
 ( 3.906250000001970E-003,  0.00000000000000     )
 ( 3.906250000002002E-003,  0.00000000000000     )
 ( 3.906250000002007E-003,  0.00000000000000     )
 ( 3.906250000002041E-003,  0.00000000000000     )
 ( 3.906250000002110E-003,  0.00000000000000     )
 ( 3.906250000002132E-003,  0.00000000000000     )
 ( 3.906250000002129E-003,  0.00000000000000     )
 ( 3.906250000002133E-003,  0.00000000000000     )
 ( 3.906250000002182E-003,  0.00000000000000     )
 ( 3.906250000002176E-003,  0.00000000000000     )
 ( 3.906250000002186E-003,  0.00000000000000     )
 ( 3.906250000002196E-003,  0.00000000000000     )
 ( 3.906250000002224E-003,  0.00000000000000     )
 ( 3.906250000002266E-003,  0.00000000000000     )
 ( 3.906250000002272E-003,  0.00000000000000     )
 ( 3.906250000002300E-003,  0.00000000000000     )
 ( 3.906250000002344E-003,  0.00000000000000     )
 ( 3.906250000002368E-003,  0.00000000000000     )
 ( 3.906250000002372E-003,  0.00000000000000     )
 ( 3.906250000002380E-003,  0.00000000000000     )
 ( 3.906250000002405E-003,  0.00000000000000     )
 ( 3.906250000002435E-003,  0.00000000000000     )
 ( 3.906250000002481E-003,  0.00000000000000     )
 ( 3.906250000002518E-003,  0.00000000000000     )
 ( 3.906250000002531E-003,  0.00000000000000     )
 ( 3.906250000002533E-003,  0.00000000000000     )
 ( 3.906250000002584E-003,  0.00000000000000     )
 ( 3.906250000002618E-003,  0.00000000000000     )
 ( 3.906250000002644E-003,  0.00000000000000     )
 ( 3.906250000002687E-003,  0.00000000000000     )
 ( 3.906250000002715E-003,  0.00000000000000     )
 ( 3.906250000002763E-003,  0.00000000000000     )
 ( 3.906250000002776E-003,  0.00000000000000     )
 ( 3.906250000002788E-003,  0.00000000000000     )
 ( 3.906250000002841E-003,  0.00000000000000     )
 ( 3.906250000002877E-003,  0.00000000000000     )
 ( 3.906250000002949E-003,  0.00000000000000     )
 ( 3.906250000002943E-003,  0.00000000000000     )
 ( 3.906250000002986E-003,  0.00000000000000     )
 ( 3.906250000003056E-003,  0.00000000000000     )
 ( 3.906250000003103E-003,  0.00000000000000     )
 ( 3.906250000003170E-003,  0.00000000000000     )
 ( 3.906250000003223E-003,  0.00000000000000     )
 ( 3.906250000003219E-003,  0.00000000000000     )
 ( 3.906250000003222E-003,  0.00000000000000     )
 ( 3.906250000003281E-003,  0.00000000000000     )
 ( 3.906250000003312E-003,  0.00000000000000     )
 ( 3.906250000003348E-003,  0.00000000000000     )
 ( 3.906250000003399E-003,  0.00000000000000     )
 ( 3.906250000003438E-003,  0.00000000000000     )
 ( 3.906250000003444E-003,  0.00000000000000     )
 ( 3.906250000003488E-003,  0.00000000000000     )
 ( 3.906250000003508E-003,  0.00000000000000     )
 ( 3.906250000003522E-003,  0.00000000000000     )
 ( 3.906250000003608E-003,  0.00000000000000     )
 ( 3.906250000003631E-003,  0.00000000000000     )
 ( 3.906250000003705E-003,  0.00000000000000     )
 ( 3.906250000003711E-003,  0.00000000000000     )
 ( 3.906250000003758E-003,  0.00000000000000     )
 ( 3.906250000003803E-003,  0.00000000000000     )
 ( 3.906250000003848E-003,  0.00000000000000     )
 ( 3.906250000003867E-003,  0.00000000000000     )
 ( 3.906250000003917E-003,  0.00000000000000     )
 ( 3.906250000004008E-003,  0.00000000000000     )
 ( 3.906250000004047E-003,  0.00000000000000     )
 ( 3.906250000004038E-003,  0.00000000000000     )
 ( 3.906250000004073E-003,  0.00000000000000     )
 ( 3.906250000004083E-003,  0.00000000000000     )
 ( 3.906250000004143E-003,  0.00000000000000     )
 ( 3.906250000004195E-003,  0.00000000000000     )
 ( 3.906250000004255E-003,  0.00000000000000     )
 ( 3.906250000004299E-003,  0.00000000000000     )
 ( 3.906250000004335E-003,  0.00000000000000     )
 ( 3.906250000004347E-003,  0.00000000000000     )
 ( 3.906250000004372E-003,  0.00000000000000     )
 ( 3.906250000004425E-003,  0.00000000000000     )
 ( 3.906250000004444E-003,  0.00000000000000     )
 ( 3.906250000004475E-003,  0.00000000000000     )
 ( 3.906250000004492E-003,  0.00000000000000     )
 ( 3.906250000004528E-003,  0.00000000000000     )
 ( 3.906250000004547E-003,  0.00000000000000     )
 ( 3.906250000004563E-003,  0.00000000000000     )
 ( 3.906250000004607E-003,  0.00000000000000     )
 ( 3.906250000004618E-003,  0.00000000000000     )
 ( 3.906250000004644E-003,  0.00000000000000     )
 ( 3.906250000004701E-003,  0.00000000000000     )
 ( 3.906250000004698E-003,  0.00000000000000     )
 ( 3.906250000004745E-003,  0.00000000000000     )
 ( 3.906250000004759E-003,  0.00000000000000     )
 ( 3.906250000004795E-003,  0.00000000000000     )
 ( 3.906250000004795E-003,  0.00000000000000     )
 ( 3.906250000004829E-003,  0.00000000000000     )
 ( 3.906250000004857E-003,  0.00000000000000     )
 ( 3.906250000004875E-003,