 (-4.058592816417905E-003,  0.00000000000000     )
 ( 2.276958687061786E-002,  0.00000000000000     )
 (-3.872020789806552E-002,  0.00000000000000     )
 ( 5.113038024286944E-002,  0.00000000000000     )
 (-5.925582679684673E-002,  0.00000000000000     )
 ( 6.120183218393234E-002,  0.00000000000000     )
 (-5.874433810676172E-002,  0.00000000000000     )
 ( 4.919518010454185E-002,  0.00000000000000     )
 (-3.733418295954508E-002,  0.00000000000000     )
 ( 1.972136936314711E-002,  0.00000000000000     )
 (-2.324740354454341E-003,  0.00000000000000     )
 (-1.637070504017502E-002,  0.00000000000000     )
 ( 3.281937632469607E-002,  0.00000000000000     )
 (-4.628361449529479E-002,  0.00000000000000     )
 ( 5.649656765430488E-002,  0.00000000000000     )
 (-5.936128370949590E-002,  0.00000000000000     )
 ( 5.954368276532358E-002,  0.00000000000000     )
 (-5.152265771782089E-002,  0.00000000000000     )
 ( 4.174173708489941E-002,  0.00000000000000     )
 (-2.555127861143076E-002,  0.00000000000000     )
 ( 9.783603914292593E-003,  0.00000000000000     )
 ( 1.024043787958424E-002,  0.00000000000000     )
 (-2.546782114505660E-002,  0.00000000000000     )
 ( 4.152182273009721E-002,  0.00000000000000     )
 (-5.150828554250724E-002,  0.00000000000000     )
 ( 5.735541261326207E-002,  0.00000000000000     )
 (-5.837344323229978E-002,  0.00000000000000     )
 ( 5.323731469113265E-002,  0.00000000000000     )
 (-4.564500687042596E-002,  0.00000000000000     )
 ( 2.914284707220527E-002,  0.00000000000000     )
 (-1.706277567198571E-002,  0.00000000000000     )
 (-4.540748204843793E-003,  0.00000000000000     )
 ( 1.743271649094351E-002,  0.00000000000000     )
 (-3.618772081594718E-002,  0.00000000000000     )
 ( 4.474608229643873E-002,  0.00000000000000     )
 (-5.474366012602393E-002,  0.00000000000000     )
 ( 5.619839754491231E-002,  0.00000000000000     )
 (-5.369629921053930E-002,  0.00000000000000     )
 ( 4.709227772263372E-002,  0.00000000000000     )
 (-3.434115063602174E-002,  0.00000000000000     )
 ( 2.150265298134139E-002,  0.00000000000000     )
 (-3.449252311493196E-003,  0.00000000000000     )
 (-1.146904150602500E-002,  0.00000000000000     )
 ( 2.809879638440375E-002,  0.00000000000000     )
 (-3.911373796820784E-002,  0.00000000000000     )
 ( 4.909353506107948E-002,  0.00000000000000     )
 (-5.273022425992514E-002,  0.00000000000000     )
 ( 5.259208675877781E-002,  0.00000000000000     )
 (-4.762540780257304E-002,  0.00000000000000     )
 ( 3.733069301649547E-002,  0.00000000000000     )
 (-2.515881607589818E-002,  0.00000000000000     )
 ( 9.809436062941932E-003,  0.00000000000000     )
 ( 4.237146128369587E-003,  0.00000000000000     )
 (-2.033754834787840E-002,  0.00000000000000     )
 ( 3.170597002779672E-002,  0.00000000000000     )
 (-4.294755487056172E-002,  0.00000000000000     )
 ( 4.685334361516939E-002,  0.00000000000000     )
 (-5.067737384423266E-002,  0.00000000000000     )
 ( 4.605507502732029E-002,  0.00000000000000     )
 (-3.961732186938979E-002,  0.00000000000000     )
 ( 3.069016310514675E-002,  0.00000000000000     )
 (-1.453526502605879E-002,  0.00000000000000     )
 ( 5.829285529507118E-003,  0.00000000000000     )
 ( 1.569218233356059E-002,  0.00000000000000     )
 (-2.038430670653438E-002,  0.00000000000000     )
 ( 4.008299644772181E-002,  0.00000000000000     )
 (-3.758601377372526E-002,  0.00000000000000     )
 ( 5.186091291441153E-002,  0.00000000000000     )
 (-3.846088215640800E-002,  0.00000000000000     )
 ( 4.596586603545808E-002,  0.00000000000000     )
 (-2.678994848143633E-002,  0.00000000000000     )
 ( 2.660217808996096E-002,  0.00000000000000     )
 (-5.257879724430223E-003,  0.00000000000000     )
 (-3.005520673249911E-003,  0.00000000000000     )
 ( 1.823336283146551E-002,  0.00000000000000     )
 (-2.719118951233769E-002,  0.00000000000000     )
 ( 3.664289208568339E-002,  0.00000000000000     )
 (-4.104404831063499E-002,  0.00000000000000     )
 ( 4.083517715652561E-002,  0.00000000000000     )
 (-3.933104762799499E-002,  0.00000000000000     )
 ( 3.397738884589387E-002,  0.00000000000000     )
 (-2.434356703337947E-002,  0.00000000000000     )
 ( 1.645418998402315E-002,  0.00000000000000     )
 ( 1.142436084256026E-003,  0.00000000000000     )
 (-3.398354056058559E-003,  0.00000000000000     )
 ( 2.694849664627677E-002,  0.00000000000000     )
 (-2.212521912409606E-002,  0.00000000000000     )
 ( 4.382146179439705E-002,  0.00000000000000     )
 (-2.903991800473961E-002,  0.00000000000000     )
 ( 4.769312267418725E-002,  0.00000000000000     )
 (-2.532600493340345E-002,  0.00000000000000     )
 ( 3.622384874544546E-002,  0.00000000000000     )
 (-1.025126104419124E-002,  0.00000000000000     )
 ( 1.521323778627783E-002,  0.00000000000000     )
 ( 1.156877662609988E-002,  0.00000000000000     )
 (-5.604958979527742E-003,  0.00000000000000     )
 ( 3.116066472357983E-002,  0.00000000000000     )
 (-2.256508857390297E-002,  0.00000000000000     )
 ( 4.098366833344493E-002,  0.00000000000000     )
 (-2.803880288732468E-002,  0.00000000000000     )
 ( 3.990601663434294E-002,  0.00000000000000     )
 (-2.204201381700101E-002,  0.00000000000000     )
 ( 2.808369070484429E-002,  0.00000000000000     )
 (-5.484286317738819E-003,  0.00000000000000     )
 ( 1.046629931719916E-002,  0.00000000000000     )
 ( 1.624322615952405E-002,  0.00000000000000     )
 (-7.562741318448796E-003,  0.00000000000000     )
 ( 3.397043692125210E-002,  0.00000000000000     )
 (-1.944568967122668E-002,  0.00000000000000     )
 ( 4.178706754052472E-002,  0.00000000000000     )
 (-2.140167439916242E-002,  0.00000000000000     )
 ( 3.825077764253774E-002,  0.00000000000000     )
 (-1.306067580333983E-002,  0.00000000000000     )
 ( 2.472249002868284E-002,  0.00000000000000     )
 ( 2.563536396481570E-003,  0.00000000000000     )
 ( 5.391431790761905E-003,  0.00000000000000     )
 ( 1.927268954764915E-002,  0.00000000000000     )
 (-1.157388902229380E-002,  0.00000000000000     )
 ( 3.078555291943482E-002,  0.00000000000000     )
 (-2.018523719536939E-002,  0.00000000000000     )
 ( 3.439162461474494E-002,  0.00000000000000     )
 (-2.167614559223827E-002,  0.00000000000000     )
 ( 2.857609942797251E-002,  0.00000000000000     )
 (-1.517116368801640E-002,  0.00000000000000     )
 ( 1.617463276344426E-002,  0.00000000000000     )
 (-1.854124206752026E-003,  0.00000000000000     )
 (-5.436052428171648E-004,  0.00000000000000     )
 ( 1.335123278774909E-002,  0.00000000000000     )
 (-1.433239320569555E-002,  0.00000000000000     )
 ( 2.255284576723279E-002,  0.00000000000000     )
 (-2.173975281530122E-002,  0.00000000000000     )
 ( 2.526600804417386E-002,  0.00000000000000     )
 (-2.114192255627442E-002,  0.00000000000000     )
 ( 2.249128842124197E-002,  0.00000000000000     )
 (-1.106295743668286E-002,  0.00000000000000     )
 ( 1.297602540446311E-002,  0.00000000000000     )
 ( 1.991428104603898E-003,  0.00000000000000     )
 ( 2.675730847551675E-003,  0.00000000000000     )
 ( 1.226824155650481E-002,  0.00000000000000     )
 (-8.277114460927659E-003,  0.00000000000000     )
 ( 2.051212270326393E-002,  0.00000000000000     )
 (-1.635986425062875E-002,  0.00000000000000     )
 ( 2.389713268858659E-002,  0.00000000000000     )
 (-1.721362617396914E-002,  0.00000000000000     )
 ( 2.203068669701884E-002,  0.00000000000000     )
 (-9.877065575924361E-003,  0.00000000000000     )
 ( 1.266564709032430E-002,  0.00000000000000     )
 (-2.389881601310057E-003,  0.00000000000000     )
 (-1.862970984351398E-005,  0.00000000000000     )
 ( 1.035442837431027E-002,  0.00000000000000     )
 (-1.233893568826905E-002,  0.00000000000000     )
 ( 1.920949565629791E-002,  0.00000000000000     )
 (-2.102442069724506E-002,  0.00000000000000     )
 ( 2.268350944206392E-002,  0.00000000000000     )
 (-2.084757722974947E-002,  0.00000000000000     )
 ( 1.936394804925089E-002,  0.00000000000000     )
 (-1.232591296875105E-002,  0.00000000000000     )
 ( 1.081879743956055E-002,  0.00000000000000     )
 (-1.670003292345745E-004,  0.00000000000000     )
 (-3.466501960746222E-003,  0.00000000000000     )
 ( 1.304260014170298E-002,